Mixture	B cells naive	B cells memory	Plasma cells	T cells CD8	T cells CD4 naive	T cells CD4 memory resting	T cells CD4 memory activated	T cells follicular helper	T cells regulatory (Tregs)	T cells gamma delta	NK cells resting	NK cells activated	Monocytes	Macrophages M0	Macrophages M1	Macrophages M2	Dendritic cells resting	Dendritic cells activated	Mast cells resting	Mast cells activated	Eosinophils	Neutrophils	P-value	Correlation	RMSE
TCGA-2H-A9GK-01A	0.00282736051958664	0	0.210840493735323	0.0144681211200842	0	0.245207758082684	0.0621525056651372	0	0.080372322629728	0	0.0650377155031974	0	0.00589487856177038	0.0500628616357694	0.00333474353653054	0.0441590349848317	0.00710282377235635	0.110161191712047	0	0.0899386419628021	0	0.00843954657815269	0.004	0.295183464105351	0.959487974232243
TCGA-LN-A4A4-01A	0.0276935460434025	0	0.0368483080177633	0	0	0.241454721033419	0.00525434488933074	0	0	0	0.0396290791921874	0	0	0.284040116704248	0.0826646210903092	0.0721263382526107	0.169739765261665	0.011792067805384	0.02875709170968	0	0	0	0.089	0.121821669756808	1.05196903769874
TCGA-L5-A4OI-01A	0	0.0515592800053865	0.0114304529050964	0.120677440022573	0	0.172851514814871	0	0	0.14356356294467	0	0	0.083384481439073	0.0140859245854308	0.156150557779159	0.0517212957733562	0.104156107959298	0	0.00875160155048902	0.0685800875216433	0	0	0.0130876926989546	0.397	0.0394928422088161	1.07994502608368
TCGA-L5-A4OM-01A	0	0	0.036869764890338	0.000840623500905416	0	0.310166619325729	0	0.0565004961588485	0.0262779991383575	0	0	0.0558539819015721	0.0416350513241708	0.16913239900598	0.0735343161447287	0	0.0582704130228972	0.0766995505104176	0.064461612518229	0	0.0265792559178876	0.00317791663993794	0.214	0.0722215872989446	1.05984560225709
TCGA-L5-A4OG-01A	0.0431263439312737	0	0.154115959855086	0	0	0.278269693343516	0.0827773673413302	0	0	0	0.0686902679955552	0	0	0.19427233980532	0.0749990847337887	0.0176715764693734	0	0.0485729649120328	0	0.0276756981569855	0	0.00982870345573813	0.08	0.128040920695336	1.03073780141216
TCGA-L5-A88Y-01A	0.0340034221203607	0	0.0201442647553302	0	0	0.124226919839646	0.0152612536390628	0.00728271402785978	0.101951951462391	0	0.0228917310410615	0.0127287692402822	0	0.220547751724828	0.0389778668353519	0.239528279096741	0.0179601279933873	0.018748302133712	0.0322581309810103	0	0	0.0934885151089751	0.075	0.129820529880401	1.04691308291381
TCGA-L5-A4OR-11A	0.0197074598122822	0	0.289045382244338	0.168329566398016	0	0.224545362149207	0.00718631126410975	0.0117711351968582	0.0285764037235222	0	0.0379476735347543	0	0.0091439756395138	0.0233750220627471	0.0332864313023159	0.0738162838583785	0	0	0.0336287034282718	0.039640289385685	0	0	0.095	0.116969240632374	1.03328501184553
TCGA-R6-A6XQ-01B	0.0129206966130579	0	0	0	0	0.276230207357455	0	0.0633937200910747	0.157068548201802	0	0	0.0787781919555259	0.0677043534721313	0.278524044050979	0	0	0	0.0573633570965483	0	0.00801688116142649	0	0	0.49	0.0258736045329676	1.10356604080678
TCGA-ZR-A9CJ-01B	0.065218128660638	0	0.0152620160445813	0.0158353606875916	0	0.185038627030206	0.0749860008753123	0.012748838066564	0	0	0	0.0555694075545421	0	0.204164298658885	0.0405868115406196	0.106222269086624	0	0.0475121021842351	0	0.118870352164934	0	0.0579857874452656	0.254	0.0640823004155307	1.07267486184549
TCGA-L5-A8NW-01A	0.0851060686231356	0	0.0163298372811303	0.0762917101440013	0	0.151286749776821	0.0620530545721736	0.0363783705617562	0.0302861848982069	0	0.0445139172040877	0	0.00096317897480103	0.0500809694395088	0.0875272819384837	0.235242849229805	0.0298415329163269	0.000676337908579599	0.0934219565311817	0	0	0	0.177	0.0819499447478796	1.04565363116913
TCGA-S8-A6BV-01A	0.00579297057776722	0	0.00305566723847659	0	0	0.24286467058561	0	0	0.0617152415825267	0	0	0.0217881624514874	0	0.338085075436358	0.028825777014079	0.23461313347095	0.00789510103670727	0	0.0553642006060376	0	0	0	0.014	0.219597106863042	1.02143565095798
TCGA-2H-A9GM-01A	0.0545023731117249	0	0.0653270528519019	0	0	0.242146292316609	0.0199252690854821	0.0298667159050187	0.113021052722626	0	0.0303715165034742	0	0	0.185313704621462	0.115921521684139	0.0889229724140859	0	0.0177147294156786	0.0369667993677977	0	0	0	0.51	0.0233673574600612	1.08129286765238
TCGA-LN-A4A5-01A	1.94396304759826e-05	0	0	0.0318760227859686	0	0.203565495311157	0	0	0.0195443219560587	0	0	0.0238006126232855	0	0.228129798103971	0.0871369599476862	0.0819188301042323	0.223028847314294	0.0471042316754821	0.0538754405473885	0	0	0	0.003	0.313432959109496	0.963075680454622
TCGA-LN-A7HY-01A	0.000407140250278392	0	0.230903503606637	0	0	0.163476577494644	0	0	0.00692068110770538	0.0227451147497113	0	0.113620519416335	0	0.0707633728146227	0.0675658326348415	0.211398720436412	0.0502800704808929	0	0.0619184670079206	0	0	0	0.016	0.2107502170295	0.994184798694332
TCGA-2H-A9GL-01A	0.126530933829362	0	0.0871201250125758	0.0273825179104676	0	0.299974511350616	0.00866020651424701	0.058333082534913	0.0588429946400611	0	0	0.00705120215989736	0	0.0629055955990976	0.117216137999584	0.09874734020093	0.0312344304537161	0.00605043574394584	0.00995048605058601	0	0	0	0.088	0.122416752123525	1.04017153186081
TCGA-IG-A3YA-01A	0.104371161938322	0	0	0.0256169803217461	0	0.149250785953515	0.0773676229399599	0	0.0458985422263446	0	5.77651575572752e-05	0	0.020118598200807	0.284689382719373	0.045648103544449	0.0651674167626021	0.0213334575233381	0.119028365522607	0.0414518171893784	0	0	0	0	0.432787753607683	0.901224174327978
TCGA-JY-A6FB-01A	0.0411852620173809	0	0.00145808864068208	0	0	0.203872981614847	0	0	0.0627161833421571	0	0.0205849139942792	0.00882285716497612	0	0.160072888408403	0	0.243870123056197	0.0491785669973349	0.104212230756063	0	0.104025904007679	0	0	0.363	0.0441236731368271	1.08146303515134
TCGA-JY-A938-01A	0	0	0.18176853953857	0.142951935454777	0	0.0578803574999806	0.0780487563203184	0.0229133410748146	0.100544043979873	0	0	0.0574120742692951	0.00200515329406428	0.0602856766505933	0.107219310340013	0.0592189151826808	0.012839134295696	0.0196546543545329	0.0710040549171323	0	0	0.0262540528276589	0.003	0.302786947009613	0.957668970176685
TCGA-LN-A49Y-01A	0.07455039011232	0	0.0704541112099349	0.0947722653192464	0	0.0779189986224341	0.00490896004613084	0.0388151893166534	0.0308654456345002	0	0	0.0686915901865112	0.0103009749546838	0.184816216788066	0.0837260998861987	0.0852982245250693	0.0617403042196376	0.0330763600819686	0.0800648690966451	0	0	0	0.608	0.0128261662635722	1.07633262689462
TCGA-LN-A5U6-01A	0	0	0	0.0327756877042199	0	0.0726932383199597	0.0695825061493336	0.0370872722326975	0.0484740581165053	0	0.00687397071780819	0.0451956131760828	0	0.344351597550695	0.139502098271164	0.118452849446045	0.00631361620157525	0.0308045791148003	0.0478929129991126	0	0	0	0.022	0.195213005075335	1.03675945335997
TCGA-L5-A88S-01A	0	0	0.0168349554993177	0.0195189590008836	0	0.170848279925339	0	0	0	0	0.0197365484268733	0.0224672925451433	0.027398998797269	0	0.0846189767646899	0.463631953592484	0	0.030463931171062	0.137253100280287	0	0	0.00722700399665098	0.003	0.314100212715612	0.961230563644054
TCGA-JY-A6FD-01A	0	0	0.0592978451891335	0.137218918015094	0	0.076705539221322	0.0438139093318177	0	0	0	0.0589602252265092	0.0134526903130646	0	0.0715022602176886	0.1937070235697	0.105759092539143	0	0.180138749137	0	0.0594437472395282	0	0	0.002	0.329576634496192	0.974488632546921
TCGA-LN-A4A1-01A	0	0	0.00238709256181883	0	0.0200819390230503	0.102465147829888	0	0	0.00917391520671684	0	0.0351160500310528	0	0	0.642498800372568	0.0197481850787674	0.0971270895912383	0.00704592476208502	0	0	0.0643558555428141	0	0	0	0.439506260190894	0.939956596724929
TCGA-JY-A6FA-01A	0.0556412854201078	0	0.156054128895671	0.0204754397807855	0	0.170760872266234	0.0960962275046825	0.0146221491940707	0.00538796396557259	0	0.0655750462198193	0	0.0144496553818634	0.0644776194435207	0	0.0821551607852455	0.0524480600634983	0.121128667082645	0	0.0626764773665026	0	0.0180512466297808	0.674	0.00472058288622549	1.06104272375967
TCGA-JY-A93C-01A	0.00889524061663094	0	0.152402903895205	0.0501565544335576	0	0.214942791242578	0.0166813152311119	0.00427053309448324	0.0691224971122438	0	0.0612321380740262	0	0	0.2220848878293	0.0193261078886572	0.10254772275283	0	0.00461795678528494	0	0.0667935337397361	0	0.00692581730435438	0.275	0.0599226864065892	1.06127146184225
TCGA-LN-A49O-01A	0.00841327663027816	0	0.0207699382810943	0.0291610284692942	0	0.251532487739373	0.00407519186131012	0	0	0	0	0.0427040072120149	0	0.236691898993158	0.189049108306368	0.152832685908723	0.00188080948971222	0.0207015415944244	0	0.0421880255142505	0	0	0.00700000000000001	0.278638188301839	0.995195739798771
TCGA-L7-A6VZ-01A	0.0786342431140776	0	0	0.271482088202878	0	0.0667932629550318	0	0.0238727794642002	0.098868001568986	0	0.0118590943027788	0.0194128823274565	0.0185561349989031	0.126013877504757	9.37588174215335e-05	0.0951943292981099	0.0093279414847818	0.142004564866033	0	0.028653638944448	0	0.00923340215013641	0.327	0.0502361581011076	1.08040621564557
TCGA-L5-A88Z-01A	0.0397716857271157	0	0.0393327416552571	0.0454270777031539	0	0.0958016111206129	0.021359699764159	0.0388357995984218	0.0180550654669882	0	0.0217783888771856	0	0	0.322908267067716	0.025379725442045	0.189579391215234	0.0151143572312375	0.0800663102821823	0.0228654747004399	0.0166799965090717	0	0.00704440763917931	0.301	0.0533492871538408	1.09131287651136
TCGA-R6-A6DN-01B	0	0	0	0	0	0.208628375964744	0.0305111935647029	0.0967923807502711	0.00882146550123762	0	0.00350630666578741	0.0328843815333825	0.0111747664427262	0	0.0629183413705648	0.337607758087841	0.0326869822389599	0.0380912466244138	0	0.126903603943858	0	0.00947319731151152	0.015	0.214941758401497	1.00471161608255
TCGA-JY-A6FH-01A	0.13511378318527	0	0.0956220283439594	0	0	0.258832092921642	0	0	0.129707392804969	0	0	0.042811058512512	0	0.246511677022735	0.0335057717332421	0.0483599778189806	0	0.00953621765669004	0	0	0	0	0.466	0.0291196896840586	1.08135096024644
TCGA-L5-A8NU-01A	0	0.0231229349005129	0.293620226479944	0.0590762256066071	0	0.120779079323586	0.0515515760958678	0.0338507248611962	0.158117037226577	0	0.0233917244400282	0	0.00580133924774585	0.0422025611476322	0.0272138248173484	0.0708433408793306	0.0102279469609707	0.0522342161597689	0.0192485692188026	0	0	0.00871867263408175	0.004	0.299236493342484	0.9568570679296
TCGA-L5-A4OG-11A	0	0	0.220305930803495	0.061142878863824	0	0.248379417355143	0	0	0.0408662432144095	0	0	0.0403760976089347	0.0172307663524189	0	0.0212864477880428	0.137984612059995	0.00447705580673993	0	0.206775869740761	0	0	0.00117468040623597	0.021	0.197886560076167	0.998102848258495
TCGA-2H-A9GG-01A	0.142007476541114	0	0.11933356349864	0.0669144741022343	0	0.196224349865553	0.0207393675264837	0.0653637796238958	0.068505233135666	0	0	0.0251855764330088	0.00175329208049898	0.0294302002163942	0.110904924669139	0.0510251926791345	0.0879658258384636	0	0.0146467437897735	0	0	0	0.095	0.117125339142985	1.03650808297625
TCGA-IG-A625-01A	0.124825042907401	0	0.0334442731540865	0.122462633723817	0	0.0836164347280243	0.0567008821349056	0.0202100700829503	0.0521483508966593	0	0.0112836344972545	0.00208032431677663	0.00584180221032006	0.0377568546748493	0.105955082888913	0.120765274936358	0.11854644048375	0.00776708634293408	0.0919985899640418	0	0.00459722205695926	0	0.0610000000000001	0.135571699145157	1.02216442226007
TCGA-LN-A49U-01A	0.0188269082128401	0	0.0820108321286419	0.0139057687301907	0	0.200877887498194	0.0777270059147034	0	0	0	0.062802021778684	0	0	0.320977485905185	0	0.0983106133122672	0.0579986768957985	0.0536164336202231	0.000954143766539041	0.0119922222367326	0	0	0.039	0.162824050401128	1.0316894672541
TCGA-V5-A7RE-01A	0	0.0116311712193694	0	0	0	0.380276042748576	0	0.0422938603351575	0.0775356538140665	0	0.0296761279293706	0.065920234946112	0.0191609332454178	0.153233979924093	0.0548313201558193	0.02152294520331	0	0.0868453155978619	0	0.0570724148808451	0	0	0.333	0.0496575136233416	1.09126050124648
TCGA-Q9-A6FW-01A	0.0906252351981968	0	0	0.114323115724499	0	0.157986488739884	0.0149014968928322	0.0608073849363081	0.0498265646904229	0	0	0.0054420201604356	0.000130755476864443	0.19139513973345	0.0187580180216368	0.105398104296819	0.0101208010498665	0.0756958082189112	0.00474385798322553	0.075447273811338	0	0.0243979350653093	0.134	0.10011527724678	1.05128940535752
TCGA-2H-A9GR-01A	0.0742440516565265	0	0.205579988504548	0.0617269842223006	0	0.177237040004992	0	0.0230561638159801	0.126899478053129	0	0	0.0357805405855948	0.011618556513416	0.0249766506682082	0.0702861950563046	0.0647425767408145	0.0681601487473477	0.00548529935017997	0.0502063260806583	0	0	0	0.027	0.181819292237798	1.00201584468905
TCGA-VR-A8ER-01A	0.0130256543354602	0	0.182884660473631	0.0135570612073791	0	0.139362624417228	0.00594501076935005	0	0.0289817860908468	0	0.0115045257080553	0.00530659900723525	0	0.300279988811865	0.0596822039922326	0.168218815109442	0.0461689723166216	0.0146889223197362	0	0.00753260996238828	0.00275993000717363	0.000100635471354483	0	0.355326246912754	0.94113796802726
TCGA-IG-A97H-01A	0	0	0.00389363945917109	0.00828967834391169	0	0.177206165013244	0	0	0	0	0.0127405521327784	0	0	0.39102481617431	0	0.164501536254932	0.0174467528738159	0.0962961041962576	0	0.124686398716728	0	0.00391435683485065	0.012	0.232823251699039	1.03141932498999
TCGA-IG-A3I8-01A	0.0261109520248161	0	0.0594558492314937	0.0542617742667314	0	0.174686206577477	0.107252517461986	0.0581053898870042	0.0872596984147459	0	0.0988105641817936	0	0.0206524460622874	0.195707398694259	0.0179808209404554	0	0.0466551572636742	0.0479499943737822	0	0.00511123061949452	0	0	0.256	0.063508690707416	1.06284842197767
TCGA-L5-A8NL-01A	0.0436110794136062	0	0	0.00229914393613995	0	0.190685483851276	0.0106103912363705	0.0115232228002683	0.0198957343373132	0	0.0153982433925469	0	0	0.333890663722458	0.00263333394267173	0.207002231393257	0	0.057683326285455	0.098173343484912	0	0	0.00659380220372431	0.012	0.230842574820205	1.01045923687946
TCGA-LN-A7HZ-01A	0.00125018768618041	0	0.0336037331256644	0.328095615293847	0	0	0.125353507858993	0.0438175582658203	0.0202832562435962	0	0	0.0558101814334935	0	0.00802618492623056	0.0900151875991872	0.175707041264133	0.0693916213657733	0.00165919870541985	0.0469867262316604	0	0	0	0	0.494020566888044	0.869236102561532
TCGA-VR-A8ET-01A	0	0	0.0947517513402759	0.00104533587201751	0	0.131413436693172	0	0.0543744471501655	0	0	0.00204183118683617	0	0	0.48919309173061	0.0220326182993719	0.0136438063521749	0	0.0414334026948794	0	0.0665766631010449	0.0502033133119191	0.0332903022675332	0.365	0.0435841285415302	1.12908384026016
TCGA-L5-A88T-01A	0.00612260571831058	0	0.0333314865066201	0.0885486476091119	0	0.0986369431576781	0.0381530045945502	0.0015309865968986	0.047028042804828	0	0.0324328003514316	0	0	0.0344767625907853	0.0481713367145246	0.198916289531624	0.114891141201304	0.0199303620656702	0.237829590556663	0	0	0	0.248	0.0649361429466327	1.05355642671324
TCGA-L5-A43E-01A	0	0.0943592082863485	0.148309071937496	0.0039914329073753	3.00289288070385e-05	0.375618844631096	0	0	0.000817091402716144	0	0.0337900305467986	0	0.00712860832238498	0.117785733897323	0.0464173569389739	0.00272310197588275	0.0142017179993457	0.0430149553369446	0	0.0755228691984722	0	0.0362899476900352	0.237	0.0674272415159878	1.05242353138585
TCGA-IG-A4QS-01A	0	0.00187281267292635	0	0.135849686422013	0	0.159542392397105	0.126464384203877	0.0275001808334045	0.00750469315603646	0	0.0404952094217128	0	0.00333214437436621	0.188928756686015	0.0716591824873634	0.197816635239224	0.00306989816565171	0	0.0359640239403047	0	0	0	0.247	0.0651525206824553	1.06949945672873
TCGA-IG-A5B8-01A	0.0158059579549512	0	0	0.0829482450401817	0	0	0.117590148041571	0.0126976857221029	0	0	0	0.0389756138586428	0	0.506939567891784	0.0784204089969321	0.127764325357565	0	0.0188580471362697	0	0	0	0	0.409	0.0376398515161779	1.15450444048519
TCGA-VR-A8EW-01A	0.0542879429075799	0	0.0508998950377376	0.015882417073916	0	0.0587933081741942	0.0174344871993967	0.0503079952418286	0.0220430269155283	0	0	0.00260927361143796	0	0.384053500244226	0.0128303485859045	0.152814098307449	0.0963945238621219	0.0131062811982302	0	0.0684319924538886	0	0.000110909186560133	0.032	0.172718338948795	1.04986686494579
TCGA-L5-A8NQ-01A	0.0128141792433327	0	0.000576264908764572	0.0636808832423618	0	0.166267825623306	0	0.00995273321570109	0.0356513607164342	0	0.0583147761882827	0.0327926312557107	0	0.191569585065813	0.178786557496188	0.153582152241323	0	0.00271541578374809	0.0914420486142466	0	0	0.00185358640478741	0	0.423720825566705	0.908581247304363
TCGA-IC-A6RE-01A	0.0938045894483077	0	0.0753142298303861	0.101000475958063	0	0.205989153160166	0	0.011964417187698	0.102564032780136	0	0	0.024669843353729	0	0.0771677696771553	0.0259449395513993	0.12880009627049	0	0.0639872673031916	0.0776763316128389	0.00151125669497987	0	0.00960559717145961	0.0610000000000001	0.135132567181209	1.02516307273706
TCGA-VR-A8EP-01A	0.00206026333997777	0	0.038610006267086	0.120936782784548	0	0.0986193183898326	0	0.00369374941162833	0.0343385843901036	0	0	0	0	0.419129973971232	0.0846445799311083	0.0243696262583404	0	0.0561280969468508	0	0.110164639826843	0.00530181868132783	0.00200255980112062	0.205	0.0745205641806946	1.10820540399197
TCGA-IG-A97I-01A	0.00438674837871526	0	0	0.0010202774213397	0	0.112449991419509	0	0.0495620159158159	0	0	0.00487629713919032	0.0291456504473051	0	0.739095622476622	0.0353741783818505	0	0.00264111742480018	0.0214481009948522	0	0	0	0	0	0.695585667082788	0.721248802870226
TCGA-JY-A93D-01A	0.0845853966359078	0	0.0516229925440504	0.0266876693666319	0	0.292141224437116	0.0128634139753162	0	0.0467694116340042	0	0	0.0109413085823405	0	0.0444498889129994	0.1371068298471	0.187396586648741	0.0111405352693597	0	0.0942947421464328	0	0	0	0.012	0.224660636039991	0.994845892457094
TCGA-R6-A8WC-01A	0.078092279259196	0	0.0302449173308894	0.072260024388318	0	0.287914554495526	0.00388211687089255	0	0.142542212791839	0	0.0100030118110653	0	0	0.12937060135632	0.0894108125441378	0.110950128488125	0.00577714500893498	0.00205459785682763	0	0.0374975977979277	0	0	0.428	0.0341522018668899	1.0833418656788
TCGA-L5-A8NJ-01A	0.0426385776599743	0	0.161613338210065	0.0538253456056284	0	0.239596522531269	0	0.02089429977766	0.110160145239152	0	0	0.0379751736862462	0.00202792922759812	0.0525816734791415	0.0426170322901575	0.0846615715902328	0.0151946035671497	0.116941494557222	0.0187419052282454	0	0	0.000530387350258548	0.306	0.0528162466741264	1.05961536520959
TCGA-L5-A8NE-01A	0.0768401031062131	0	0.198465839879237	0.0601566565890837	0	0.296775557831742	0.0336306264719512	0.0524174815766387	0.0491135068049286	0	0.00223349962993613	0.0153054085503183	0.00507094032890154	0.0281879671725705	0.0468581221435302	0.0731277857854929	0.0232199191338301	0.0129053241316912	0.00804970887050336	0	0	0.017641551993431	0.204	0.0748498168362836	1.04955310795816
TCGA-R6-A8W5-01B	0.0253599991791157	0	0.137657343364675	0.0267067807875162	0	0.120807387162672	0.000983116564961568	0.0476162390733953	0.017687800375817	0	0.0244911493688332	0	0	0.25727899577639	0.101867868212251	0.0908726433933838	0	0	0	0.0461909573609503	0	0.102479719380039	0.032	0.17439597853985	1.02434120031079
TCGA-L5-A8NS-01A	0.0191535061555552	0	0.00887224706059635	0.0713613199627014	0	0.345876098036819	0.0729154567042814	0	0.0941487376914545	0	0.00338761001885212	0.023779507915846	0	0.0969482090103614	0.0558060214342131	0.125489503969805	0	0.043518723243795	0.0335578491432194	0	0	0.00518520965250021	0.015	0.215921687012946	1.00505911267548
TCGA-R6-A6L4-01A	0.101680999299583	0	0.0876659319611223	0.0304576258325462	0	0.295910860694777	0	0.0151695381766685	0.160860741601746	0	0	0.0100802896938314	0	0.153267396048693	0	0.00618949001472106	0	0.0695785308178562	0	0.068617984655273	0	0.000520611203182262	0.784	-0.00681023935576716	1.09503771519891
TCGA-R6-A6Y0-01B	0.00362155653825857	0	0.0120592593861521	0.00582813565269778	0	0.134963620251326	0.015858035114311	0.0147318819169866	0.0773882127335953	0	0.0325656894946049	0	0	0.345721315426881	0.0263273150531952	0.086927209199065	0	0.0492919791675782	0	0.181894973971705	0	0.0128208160936433	0.042	0.155840403894857	1.05886559240379
TCGA-L5-A4OQ-11A	0.00725109785427392	0	0.00228779219103291	0	0	0.289184856977128	0	0	0	0	0	0.10074826523538	0.0123491127924617	0	0.0107459145974783	0.367587534008725	0	0	0.196312895791864	0	0	0.0135325305516562	0.0620000000000001	0.134732757954939	1.04132655584242
TCGA-LN-A49X-01A	0.0511551336376686	0	0	0.0504023597057769	0	0.140465515196561	0	0.0236558651752618	0.0321560974815865	0	0	0.0660393891376089	0	0.369263163018507	0.142562711468401	0.091530551664305	0.00409753139041719	0	0	0.0286716821239058	0	0	0.016	0.210191278345425	1.03482795594983
TCGA-LN-A9FP-01A	0.0588972879495741	0	0.0114566530407012	0.0408439450617512	0	0.137495146746065	0.0427719258840825	0	0.0246361423606299	0	0.0087918704422464	0	0	0	0.0852969787053123	0.325477947687856	0.0355721514065392	0.0267570818957196	0.202002868819523	0	0	0	0.0570000000000001	0.138628808767847	1.02969662058182
TCGA-VR-A8EX-01A	0.173822207216539	0.0511858791342868	0.116904396738422	0.0947986089404909	0	0.0427067321411253	0	0.102609339472167	0.0830846780430297	0	0	0.067999518662413	0.00383025284186151	0.0551292957984263	0.0866629987949377	0.0431328564259367	0.00241826489816686	0.0508787169896675	0.0248362539025292	0	0	0	0.025	0.187668340125741	1.01125601308554
TCGA-L5-A4ON-01A	0.0364499930861891	0	0	0	0	0.350706935063051	0	0	0.0488933032410027	0	0.0197238879840902	0.0224451394429058	0	0.0933919599487436	0.0850149815964226	0.098571163865684	0	0.07258437379792	0	0.129964512508257	0	0.0422537494657342	0.576	0.0162088271834492	1.09635728797133
TCGA-VR-A8EO-01A	0.00284406487132188	0	0.00990831279770932	0.0405443693882817	0	0.270140892195299	0	0.0632471423323585	0.0158944403527399	0	0	0	0.0333295899485582	0.333584150740766	0.0324005293009155	0.0443494972772373	0	0.0487756705676185	0	0.102221215894591	0	0.00276012433260304	0.012	0.232160185565468	1.00972442719245
TCGA-LN-A49M-01A	0	0	0	0	0.0322766903827194	0.0531604683974913	0.00489997265115856	0.000629836892050425	0	0	0.0146981734703529	0	0	0.617679937801414	0.137613447178306	0.0703670263706325	0	0.0305834418559306	0.038091004999945	0	0	0	0.042	0.155578768945376	1.13510874464244
TCGA-LN-A8I0-01A	0	0	0.010527753009477	0.0480349288031911	0	0.0801644622933465	0.0523471989041815	0	0	0	0	0.0900947725507241	0	0.161688135487577	0.0834408123425077	0.218324938794265	0.0819025199965704	0.0904765697245396	0	0.08299790809362	0	0	0.092	0.119890754067985	1.06290097107807
TCGA-V5-AASX-01A	0	0	0.0412266240164677	0.199952518671984	0	0.0244676331404688	0.121279971042382	0.0612408978131747	0.114156410876519	0	0	0.0667859217462534	0	0.120783322259713	0.0707482045147182	0.0649936822525775	0.0229715077212363	0.0137715470905565	0.0621354382477931	0	0	0.0154863206061562	0.034	0.166743568723954	1.02315356422662
TCGA-LN-A49S-01A	0.00398398338201038	0	0.0732413486595277	0.112523501481574	0	0.0365931148357117	0.0937038241555389	0.0635481321371577	0.0853189105136381	0	0.0142190575667336	0	0.0241090199381107	0.0109912933341876	0.113661339224694	0.0711686353423749	0.0646807991039724	0.16309992010922	0.060071860742833	0	0	0.0090852594727163	0.214	0.0720411305290534	1.0633603002551
TCGA-Z6-A8JD-01A	0.168475184396509	0.0112367753487094	0.0391300609825826	0.0246583797891335	0	0.271874041892871	0.0220385719069631	0	0	0	0.0308162832592513	0	0	0.237584155934175	0.0999980636076752	0.00574656045415308	0.0233638748123627	0	0	0.0650780476156138	0	0	0	0.423482064182567	0.905657268209279
TCGA-L5-A88V-01A	0.0740806216373079	0	0.00722649722802584	0.0344420115485136	0	0.178971349185371	0.0277584705275533	0.0406082489543386	0.0349838151740411	0	0.0467131565659202	0	0	0.131271504214821	0.0712131185758524	0.221799845005379	0.0179054336841624	0.0726337005083537	0	0.0376195875573099	0	0.00277263963305037	0.436	0.0334554805115318	1.0769849932505
TCGA-IG-A7DP-01A	0.0163055867455782	0	0.084201980706944	0.282568551134042	0	0.0626960986690608	0.0500516848291438	0.0244337571557035	0.131855956118245	0	0	0	0.00719692917080297	0.0780884082851031	0.135289427678243	0.0892399475982534	0	0.0122645621734034	0.0258071097354769	0	0	0	0	0.592995725850207	0.813467848238825
TCGA-KH-A6WC-01A	0.0200387973491015	0	0.0624306015800181	0.036657426072172	0	0.169996653771552	0	0.047069901123531	0.0642438019214691	0	0.0135044140163828	0.0142383416371204	0.000588364167895266	0.0494226050950118	0.139587025312161	0.105899319441016	0.150912641732077	0.00198365844158271	0.123426448338909	0	0	0	0.792	-0.00778612158408731	1.08376407186821
TCGA-JY-A93E-01A	0.072662044715327	0.0115050193260829	0.0682782817295509	0.0852987667066317	0	0.225167720617262	0.0582314043293758	0	0.0686265661128557	0	0.0445773130905145	0	0.00566934331639755	0.101621881335163	0.0954058817862631	0.12627980043854	0.0218783228951906	0	0.0100258629253842	0	0	0.00477179067546073	0.033	0.168461629198846	1.01627553833055
TCGA-V5-A7RC-06A	0	0	0.0106450001539195	0.0972630573499136	0	0.243666394672713	0	0	0	0	0.016591177978099	0.0395950684160023	0.0195241659402754	0.248482203387633	0.0175053438845734	0.0622155040955669	0.139797443391559	0.00715889559160373	0.0938560662135934	0	0	0.00369967892454787	0.011	0.250553170049217	0.989109033578094
TCGA-VR-A8EY-01A	0.0690325659706328	0	0.0649777511420256	0.0341232814375935	0	0.0820060882280126	0.0222996355508574	0.0157399362595046	0.0174076453609705	0	0	0.0163884717226096	0	0.227697619768386	0.0104675543330962	0.184874252800575	0.0598961225270341	0.0690120068412667	0	0.126077068057435	0	0	0.034	0.166693839093707	1.02941495484796
TCGA-2H-A9GJ-01A	0.0467384572873744	0	0.210755547218116	0.0750803562490811	0	0.340265261099268	0	0	0.0795264384656865	0	0.0380380791150035	0	0.0133749304468627	0.0210084136121386	0	0.0496897828282868	0	0.0756729076814819	0	0.0498498259967006	0	0	0.349	0.0470440404494448	1.06619775556136
TCGA-LN-A7HX-01A	0	0	0.0208530963321239	0.0364936560410043	0	0.199142340906377	0.0368954692027009	0	0.00261766077200365	0	0.0145422841064118	0.0232216916852501	0	0.260288930303254	0.0832196985687621	0.174571578505429	0.0944697313946759	0.0240918333671433	0.0272347388079274	0	0	0.00235729000693731	0.019	0.202495072768715	1.01744517898992
TCGA-VR-AA4D-01A	0.161700728398343	0	0.00676162652032471	0.104825188241891	0	0.222371927852609	0.116916757962068	0.0581719937573211	0.053222757042768	0	0	0	0.000773004327013608	0.150419457019132	0	0.060096011353095	0	0.0569778990648054	0	0.00776264846062945	0	0	0.448	0.0317666883826171	1.0812403850888
TCGA-L5-A893-01A	0.264916308788869	0	0.0497280402676574	0.100344169874549	0	0.161950315307266	0.00123786265952794	0.00165997090494322	0.130345657120358	0	0.0158862971464573	0	0	0.0800333271010891	0.060191287234331	0.042245606736683	0.014673288739881	0.00849693857937174	0	0.0682909295390157	0	0	0.014	0.218821778112961	1.00157870404146
TCGA-IC-A6RF-11A	0	0	0.0668279974403624	0.0978571961939404	0	0.288527706139913	0	0.0387204317585455	0.0973091383795786	0	0.0358170328351956	0	0.0607478926312793	0.0439277169308846	0.0193012682859791	0.0929269968573682	0.059652360086079	0	0	0.0671379229565193	0.0105056086440356	0.0207407308603196	0.643	0.00947955239276047	1.08301558624915
TCGA-2H-A9GI-01A	0.0692178739784032	0	0.40405993893618	0.0156888349944266	0	0.290577458071233	0.0241815183753645	0	0.0107154621536758	0	0.0311952077439022	0	0	0.0283741367138031	0	0.0142259990194563	0.00538782799639702	0.0403549520821905	0	0.049561603034994	0	0.016459186899974	0.03	0.175661703581647	1.00631241877005
TCGA-Z6-AAPN-01A	0	0	0.0300360596762029	0.140550008364256	0	0.0749844065587107	0.0804641967005765	0.0163133336695362	0.0181774859815377	0.0226855577260684	0	0.0194038886442325	0	0.215239202680359	0.13127617288542	0.137121101326638	0.07452430194182	0	0.0352072116690894	0	0	0.0040170721755534	0.027	0.180883738515924	1.02335555503777
TCGA-LN-A8I1-01A	0	0	0.0278750927769622	0.279965318404163	0	0	0.179355440073028	0.120522479453172	0.0164800039374932	0.0114256531789911	0	0.0804331902262043	0.0114839736676407	0.00333054671364787	0.0728779143141821	0.0598008316048763	0.0251925933139894	0.0815955541342318	0	0.0180509634631299	0.00592375885882281	0.00568668587946569	0.044	0.152388107551544	1.04948246514455
TCGA-LN-A49W-01A	0.0135400416147392	0	0.0743809968214252	0.0342707432971828	0	0.169593267179787	0.0645823253686512	0.0201166425239827	0.0449153646594765	0	0.0144002373947062	0	0	0.11252438148422	0.143036961704489	0.171569519023072	0.126609000102156	0	0	0.00452510840770682	0	0.00593541041840655	0.001	0.353112584175096	0.938580649758703
TCGA-V5-AASW-01A	0.049102222167459	0	0.0788355233194821	0.0488663418604983	0	0.228705329399092	0.0280015404321534	0.0489665769556951	0.146768078562106	0	0	0.047450085215086	0	0.0845355783977001	0.0825908321936587	0.019707599005224	0	0.082700850208661	0.0153053822694564	0	0	0.0384640600137282	0.247	0.0653341295035022	1.0686644307296
TCGA-IG-A8O2-01A	0.0106904411447943	0	0	0.355349640601505	0	0	0.0673644462781945	0.130686694481389	0.0638095985969106	0	0	0.0415085208212096	0.0225915960603614	0	0.0602661267729853	0.0916748869683325	0.0449919615359608	0.0623618574121574	0.0487042293262006	0	0	0	0.005	0.289547962616354	0.977822183868321
TCGA-V5-A7RC-01B	0.0324368663987465	0	0.00624961296700542	0	0	0.421446288793672	0	0.00515242696691173	0	0.00459094386036603	0.0446115671280463	0	0	0.139477750248241	0.11109064803356	0.154205764368301	0	0.0435192320988664	0.00358000751721908	0.0129474010698563	0	0.0206914905492084	0.047	0.148720753255322	1.04146410829978
TCGA-VR-A8Q7-01A	0.0218337255281438	0	0.0298685376438272	0.17839723275283	0	0.137818764874303	0.0941874967398363	0.00619591852847962	0.0115348875607409	0	0	0.026752443443258	0	0.167336813891488	0.095535259698206	0.126352405675196	0.00774596489353082	0.042404056255925	0.0459603155782094	0	0	0.00807617693602572	0.016	0.208772097308435	1.00525224017153
TCGA-JY-A939-01A	0.0623602999391583	0	0.0904892711303202	0.134103886635431	0	0.250468812590002	0.0434997133415563	0	0.0605037231073524	0	0.0153147652484836	0.00231141387355766	0	0.0648827792303897	0.1289544892172	0.0930733710268582	0	0	0.0540374746596907	0	0	0	0	0.397634275483711	0.917800334766354
TCGA-L5-A4OJ-11A	0.104374371590345	0	0.147519151853605	0.0815862113698825	0	0.259648108782556	0	0.038183512081008	0	0	0	0.0289051592341183	0.0109151521426795	0.0219537753542866	0.0346263295308178	0.042976535021893	0.00338311892245331	0.00327817666175321	0.222650397454601	0	0	0	0.154	0.0901504224332909	1.04623088556109
TCGA-L5-A4OX-01A	0.0818891444804075	0	0	0.0969951890953313	0	0.262728050870282	0.100311591541374	0.0764773449990969	0	0	0.0485040108417318	0.00414418884384043	0.0070526047251005	0.0393349567808737	0.0602615482670238	0.075816182490594	0	0.0903139209893624	0.056171266074982	0	0	0	0.215	0.0717120301698511	1.06494058745998
TCGA-L5-A4OU-01A	0.0225212114943272	0	0.0290213623902247	0.119304949105185	0	0.0225945679541145	0.181786100107765	0.0100515725346744	0.0126253556148889	0.0586071725979442	0.0905708718048599	0	0	0.0389237212394814	0.12813509283601	0.152952966841524	0.00922483315379701	0.0706461633748141	0.0530331884683029	0	0	8.70482086690979e-07	0	0.412017262812697	0.911824223805281
TCGA-IC-A6RE-11A	0.294037053757502	0	0.0210869343380747	0.120993751803459	0	0.127493675738504	0	0.0167315663359372	0.114254175695304	0	0	0.0165791841944345	0.00855818706970819	0.0493680641759121	0.000313704577234377	0.0146300793736806	0.10655661144755	0.0398500736208703	0.0695469378718286	0	0	0	0.324	0.0506757878270837	1.07205564798809
TCGA-R6-A8WG-01A	0.0663157591806021	0	0.0642476741678087	0.0230122848570193	0	0.113346414202078	0.00252483316236102	0.0611396053665771	0.114301792252214	0	0.01760910631278	0	0	0.38873489080056	0.0491281568310111	0.0742559262771052	0	0	0.0215546842663177	0.0038288723235647	0	0	0.003	0.309582061555381	0.968308887087947
TCGA-L5-A8NV-01A	0.0877779477108218	0.0150619295993321	0.0809614340997628	0.0844421013006986	0	0.194956107465815	0	0	0.0995886577340336	0	0	0.0310108568159555	0.00471312427017231	0.0847541231780316	0.0475928416069654	0.0825344101262364	0.0584296155676229	0.000867614738364031	0.118527442158002	0	0	0.00878179362818581	0.014	0.21664119875013	0.990050148480381
TCGA-L5-A8NF-01A	0.0900465019696195	0	0.0976945498665794	0	0	0.205650981986924	0	0.00651819871438514	0.0706526510648354	0	0	0.0196119650590512	0	0.249072956711141	0.0757156779750907	0.143759531959384	0	0	0.0146473697722111	0	0	0.0266296149207784	0.44	0.0329763286001992	1.07841856772813
TCGA-Z6-A9VB-01A	0.0649004920348381	0	0.245215916137193	0.0218803589566987	0	0.149305399539724	0.0752560888864668	0.0425684549852601	0.0226161082202218	0	0.0316395355606286	0	0.00014990605278414	0.0799627848546147	0.0173093257267759	0.121882844182737	0.0573112158290433	0.0148109670259016	0.0549290379763994	0	0	0.000261564030712738	0.159	0.088540534957736	1.02607479651435
TCGA-L5-A4OP-01A	0.0954504931298112	0	0.175701855721391	0.0442135272761977	0	0.336778114951029	0.0270784135639643	0.0782926174929249	0.014105580998584	0	0.034623113357398	0	0.00399505577772858	0.0374128219013984	0.0340790689548103	0.0790900097851053	0.0070223749924429	0.0138206291222738	0	0.0183363229749415	0	0	0.134	0.0995309410329985	1.0443505634043
TCGA-L5-A8NH-01A	0.0693679963712661	0	0.165458824570843	0.0763963481245444	0	0.267772277686149	0.02167690805127	0.0855707222783062	0.0570204081668865	0	0.0203217687591571	0	0.0113700542116948	0.0397836301538781	0.0603747000238814	0.0784283799506109	0.00722108641011711	0.0135055461863437	0	0.0257313490550513	0	0	0.224	0.0693830077962777	1.05536198513594
TCGA-LN-A7HW-01A	0.00121888570135704	0	0.0114248282214284	0	0.0716879102418244	0.392210607865268	0	0	0	0	0.0405681841361088	0.000532053227346753	0.0121304157820597	0.398252211492485	0.00397083629856778	0	0	0	0	0.068004067033554	0	0	0.027	0.180691043097005	1.05056632372409
TCGA-L7-A56G-01A	0.000731814927849676	0	0.0777978196781145	0	0	0.287651109493628	0	0.0736166807992018	0.00553986634991587	0	0.0199413414780158	0.0235221583307043	0.030468832525346	0.154632457253098	0.225717269950647	0	0.0898237780509346	0	0	0.0105568711625453	0	0	0.014	0.217544213241042	1.02040502024818
TCGA-LN-A7HV-01A	0.050205622798963	0	0.142459020296791	0.0509762447443462	0	0.0732758644730258	0.0434253418957087	0.0290847813869823	0.00817880317993554	0	0.0518022109924788	0.00852070822244194	0.0234667716116344	0.159274909381231	0.0124071304298545	0.14153195054266	0.0791874459126689	0.0588997835125495	0.0275950218584137	0.0156798944857039	0	0.024028494274612	0.0639999999999999	0.132532083117687	1.02050244441639
TCGA-V5-A7RE-11A	0.0691999226749637	0	0.0241966243133305	0.201937703592195	0	0.0984342406729342	0.0555944802151252	0.0385964794201806	0.147960845875771	0	0.00414486554893438	0.0317524182029884	0.00481081544133529	0.0522633689873727	0.0806566783871692	0.0844262118891454	0.052933416004845	0.0329628405259259	0.0172098197170501	0	0	0.00291926853073274	0.039	0.160988222807456	1.02805421178322
TCGA-IG-A5S3-01A	0.127790834747065	0	0.0361453530868554	0.0505074467257982	0	0.0904435804255208	0.0294209741336612	0.108352977158808	0.0575551326847791	0.00198460448629017	0	0.0235234400937059	0	0.130662756652486	0.19865322817991	0	0.0598659283572985	0	0.0850937432678212	0	0	0	0.086	0.124988233820563	1.05061944938399
TCGA-L5-A4OT-01A	0.0728063608008197	0	0.0168928066818361	0.00113198892030142	0	0.376323393729613	0.026868168071493	0.0323621446806235	0.0572669932247109	0	0.0317491556999039	0	0.00904950061242893	0.0282616441419802	0.0794224548720672	0.138779781604854	0.0373695833295404	0	0.0648142700253345	0.016048715514556	0.0108530380899371	0	0.343	0.0483415372736167	1.06702015940029
TCGA-L5-A4OH-01A	0.165340599218486	0	0	0.01872615738519	0	0.329071589540283	0.0302974857027605	0.0437220119650913	0.0504638140647007	0	0.0286581132618018	0	0.00330704080078128	0.0767430195077734	0.0772969772988598	0.0803081900702473	0	0.0900808336960451	0.00598416748797999	0	0	0	0.591	0.0142948493798714	1.09439257208161
TCGA-L5-A8NR-01A	0	0.000846872266558005	0.0114877605287924	0	0	0.27453465331692	0	0.00285674425311421	0.12751673676075	0	0.0265820678366923	0.0230425957336952	0	0.181605804886499	0.0123527097462157	0.219932883325693	0	0.0330802676110429	0	0.0531617507196428	0	0.0329991530143835	0.199	0.0773064380823595	1.0682410990336
TCGA-JY-A6FE-01A	0.000662014202806859	0	0.0874439883970746	0.077713272860065	0	0.055716911540487	0.00201426487254906	0.00856347928585367	0.0137512534210571	0	0	0.0427289004020142	0.0013339293679146	0	0.0672760804351408	0.565233740070589	0.0556184516901318	0	0	0.0142658076942713	0	0.00767790576004465	0.00700000000000001	0.277120349058431	0.987210489576073
TCGA-IG-A4P3-01A	0.0372831524588585	0.0216537496385614	0.0420680620034395	0.249797031463408	0	0.0308517400177333	0.0886182185992808	0.0655389715731545	0.0712692827449989	0	0.0236118539180854	0	0	0.0879408170199044	0.118784322305862	0.0586786341440004	0	0.0620832200204213	0.0418209440922918	0	0	0	0	0.359799295100885	0.937516922260129
TCGA-IG-A3QL-01A	0.00895453698097338	0	0.0356678304968947	0.0192510530283091	0	0.309463832187227	0	0	0.0449440061473542	0	0	0.06758316116511	0.0192135828713792	0.278064143984976	0.0138371070217729	0.0444405439037756	0.059615446848279	0.0466020063610822	0	0.0464709582584549	0	0.00589179074441187	0.274	0.0602137468179876	1.08015382194517
TCGA-Z6-A8JE-01A	0	0	0.0637915626198238	0.0241440524263186	0	0.112351310450259	0	0	0.0309285085539558	0	0	0.0395486604651308	0	0.530536624203368	0.0305647191006674	0.089105545689902	0.00106739560476402	0.0149573829459036	0.0630042379399067	0	0	0	0	0.474606836616381	0.889194001774409
TCGA-RE-A7BO-01A	0.0534257017006051	0	0	0	0	0.129669137364932	0	0	0.0525145059468045	0	0.0260913580944669	0.0132707213697576	0	0.240456136211438	0	0.158383172494277	0.0243367303386271	0.12504520323385	0	0.101460246286409	0	0.0753470869588325	0.033	0.168055757473189	1.03557082761646
TCGA-V5-AASX-11A	0.033250311363946	0	0.143587748534973	0.0928255200981072	0	0.279797630358488	0	0	0.0957735626495045	0	0	0.0910624695460146	0	0.035620461519371	0.00633910600681913	0.077200642099345	0.0424302631374552	0.0254102133285192	0.0767020713574572	0	0	0	0.261	0.0627241870727527	1.06240147389492
TCGA-XP-A8T6-01A	0.0314558567049524	0	0.32876460810648	0.0161077623246772	0	0.0712267794147888	0	0.0537604199451439	0.0158218049419097	0	0	0.0263928462550386	0.0122776523576039	0.0388096798538464	0.0660032217827875	0.110476604335869	0.139429019364843	0.00856896351575038	0.0765594925319257	0	0	0.00434528856438475	0.162	0.0882298072782721	1.02837771212834
TCGA-IG-A3YB-01A	0	0	0	0.201934947320584	0	0	0.0537538410615376	0.0245994711343912	0.14165800054108	0	0	0.0321998712897206	0.0531847459156595	0	0.117005422994688	0.178142872296337	0.0654132460309711	0.0375487441751066	0.0945588372399244	0	0	0	0.002	0.326581476703227	0.950736564484417
TCGA-VR-A8EQ-01A	0.0207408579911201	0	0	0.0421973750755141	0	0.205428382972656	0	0.0163734153612397	0.108004097897905	0	0	0.0554396376399848	0	0.257621657704205	0.00427032735250055	0.0602175415144019	0	0.0421802809910869	0	0.17980042374779	0	0.00772600175159603	0.002	0.329092639031369	0.960874033012556
TCGA-LN-A9FQ-01A	0.0620194328752604	0	0	0.00974837363968173	0	0.0615247955048873	0.0374604825097312	0.0115314614498912	0.0472766888876798	0	0	0.0123867570460927	0	0.251619852440562	0.0888184264470377	0.300778829350193	0.0284006296203045	0.0156857787092221	0.0683790647393196	0	0	0.00436942678013645	0.01	0.258344771138403	0.995865073773512
TCGA-IG-A50L-01A	0.000327656475286588	0	0.0460970703564583	0.0245720010902801	0	0.190320985217792	0.050213812630372	0	0	0	0.0249324033997137	0	0	0.285698467099419	0.0466735259672075	0.230161083995048	0.0198282333952071	0.0604748900642165	0.00689152905983687	0.00953760508533054	0	0.0042707361638321	0.011	0.238579268249807	1.00354433321547
TCGA-LN-A4A3-01A	0.162936510054819	0	0.088675118344981	0.0274746956897533	0	0.0680105463504163	0	0.0759927201534804	0.0142520412664789	0	0.0166377890137975	0.0260407874491574	0	0.156416179930471	0.0572984206707081	0.0423179258408046	0.00174022803857113	0.162151723356395	0	0.0403151162682917	0	0.0597401975718741	0.149	0.0939114453913024	1.05070541120603
TCGA-IC-A6RF-01A	0.164149663319236	0.0345495037934974	0.0688078606968364	0.0335900943570488	0	0.113174781734839	0.0901443350194845	0.0510209702377918	0.0278476854863112	0	0.0267556202250445	0	0.0013488628964346	0.12651596947329	0.130820167365317	0.0456278837304993	0	0.055254183525581	0.00934488335101448	0	0	0.0210475347877744	0.024	0.190472862375341	1.01050179990873
TCGA-2H-A9GO-01A	0.0660285140493689	0	0	0	0	0.277747825597172	0.0298014435161699	0.0202290373075775	0.10311283895197	0	0	0.00926981311173885	0	0.142495729125978	0.000704887654169034	0.136900372858705	0	0.105909143774321	0	0.0248491209003125	0	0.0829512731525164	0.604	0.0133436201710575	1.08684331503203
TCGA-L5-A4OS-01A	0.0769773214068299	0	0.129079254849115	0	0	0.158027154300587	0.0128914375579699	0.0105775350760189	0.0042860564368603	0.030323537209973	0.00701428428174418	0	0	0.262939261913482	0.0608692422240955	0.175485134728818	0	0.0145215202044798	0	0.0560833735928231	0	0.000924886217203869	0.012	0.233698426622447	0.995061513624343
TCGA-LN-A9FR-01A	0.0282287333150243	0	0	0.0294763910184416	0	0.166734211450733	0.0361809491604263	0	0.0198465068953271	0	0.00495027083022177	0.0186517619394346	0.00848895490075504	0.144374473342525	0.00610880386384957	0.234660770310099	0.181671686622127	0.0776995293950528	0.0395520665614086	0	0.00220431144170864	0.00117057895286533	0.003	0.314027157706017	0.958445616322101
TCGA-L5-A8NG-01A	0.151592671206673	0	0.186726156060481	0.0738987517311525	0	0.178147074991547	0	0.0412528141771489	0.0100071021466373	0	0	0.0255568524677888	0.0333294983962898	0.0675645329526272	0.114319068611716	0.0515005963312256	0.00115512412255504	0	0.0563479225756076	0	0.00685134509289615	0.00175048913565378	0.0629999999999999	0.133240755665728	1.02467717519868
TCGA-LN-A9FO-01A	0.0264927531876167	0	0.00963299111382033	0.275764335266324	0	0	0.195321505696094	0.0275748690475625	0.0630438561657775	0	0.0458453542776917	0	0	0.125138360164031	0.145572667276551	0.0480765430015101	0	0.0160092733336336	0	0.0215274914693884	0	0	0.032	0.173585651267201	1.03636302006532
TCGA-L5-A8NM-01A	0.00143875196748704	0	0.0485256919111819	0.168687759249186	0	0.121959639296661	0.212444009288717	0.0111622456973802	0.0453991446367816	0	0.0532224740101749	0	0	0.0959461917947931	0.0908192781990114	0.0867495747082695	0	0	0	0.0430465678059987	0	0.0205986714343575	0.011	0.243867155918634	0.989548952732992
TCGA-L5-A88W-01A	0	0	0.0659226458578202	0	0	0.145867838535548	0	0.0170610018884289	0.00437953521798135	0	0.13097801854651	0	0.00788625598607437	0.190241914211429	0.00934837691827319	0.114464628920866	0.0327985697446963	0.0673723382534379	0	0.123021785743216	0.0319358704950157	0.0587212196807042	0.175	0.0830558438907196	1.06172330917308
TCGA-L5-A8NT-01A	0.0898398411219249	0	0.016509721164155	0.0302921050320032	0	0.219107079342265	0.00373114101827235	0.0198223087266173	0.0521216460346138	0	0	0.0136990019299165	0.00441804675881162	0.0990446732059867	0.0632376784829479	0.105839304541436	0.114497315604249	0.0369573875090533	0.120477583985893	0	0	0.0104051655418533	0.021	0.197349278952048	0.998971923031734
TCGA-L5-A891-01A	0.110983014313008	0	0.00990815359849672	0.0364210291314219	0	0.103554581909405	0	0.0265443672549979	0.0668302337664017	0	0.033360620659699	0	0.0261833472678736	0.137058584584566	0.00775851449563457	0.0652096086562103	0	0.0716569853482782	0	0.269700745481374	0.0120133203950281	0.0228168931376043	0.185	0.0800347033551446	1.07929418313702
TCGA-VR-A8EU-01A	0	0	0.0206026503357768	0	0	0.0306711120596694	0.103569169841177	0.0984830968884505	0.00694748701727622	0.0153789982156706	0.0838339541464172	0	0	0.119359496515505	0.214394945418702	0.170051369166001	0.0589474668914927	0.0559580967519029	0	0.0214046318413499	0	0.000397524910608509	0.004	0.299796494679128	0.981397372588426
TCGA-JY-A93F-01A	0	0	0.0344737100728575	0.117767818623927	0	0.104854728052865	0.252155778661656	0.00410210911627676	0	0	0.0580533037894737	0.00246173792737412	0.00355880707995048	0.138931261984524	0.0282342857931949	0.0861089459201984	0.02556745739164	0.0368843667769265	0.0811343296396529	0	0	0.0257113591694818	0.788	-0.00731615672311082	1.07986391440507
TCGA-L5-A8NI-01A	0.1041277893317	0	0	0.118626975446117	0	0.318666423480057	0.0618335651738794	0.0612866090619328	0.0292860807445512	0	0	0.0345903113286244	0.0150795106371368	0	0.0738294143203145	0.118006759159289	0.0479830417161709	0	0.0166835196002278	0	0	0	0.0659999999999999	0.131986974599852	1.04656816163469
TCGA-R6-A6KZ-01A	0.0758735179645657	0	0	0.0610688321445029	0	0.213161982942499	0.0329756054453732	0.0273288875054271	0.205488355087695	0	0.0093653903035284	0	0.00174121826322229	0.164568489682167	0.0762068651209618	0.0625298242638527	0	0.043484786912747	0.026206244363459	0	0	0	0.0580000000000001	0.137931766810838	1.04068136735667
TCGA-R6-A8W8-01B	0.0872177456924611	0	0.135842733516132	0.00775300035680881	0	0.281651489699741	0.0109755953778961	0.0614080982633255	0.0738035600336484	0	0	0.0429606727944879	0	0.163129953175717	0.0673392411399422	0.0329707278524627	0	0.0297549924368093	0.00519218966056824	0	0	0	0.172	0.0856014829494529	1.05176676995045
TCGA-R6-A6XG-01B	0.0803193142933283	0	0.0531629243916587	0.030201760320346	0.00199511110797077	0.225823743793202	0	0	0.14046810530928	0	0	0.0894590531700039	0.0039976126859322	0.151527732826186	0.0589410399406118	0.128780921831538	0.0140660922926099	0	0	0.0212565880373316	0	0	0.424	0.0354533302814566	1.07961967712891
TCGA-LN-A49P-01A	0.00464134198852569	0	0.0085307073826421	0.105463882370583	0	0.0670763068711496	0.043487658289801	0.0433636762173185	0.0459082086255022	0	0.0346006785307874	0	0	0.241317545784313	0.154569085043372	0.205180267923219	0.0113238275101537	0	0.034536813462633	0	0	0	0	0.607654476050098	0.800125232210847
TCGA-LN-A8HZ-01A	0.0552220300249881	0	0.0747953741393954	0.0343312767324194	0	0.134066627329248	0.069620026563303	0.00277159662470303	0.000865215098149707	0	0.0403338272243426	0	0	0.335747191679635	0.0464201416335627	0.0684254666735716	0.0472762209949339	0.0254107042975185	0	0.0230287799778489	0.0416855210063804	0	0.197	0.0775284694643822	1.06839596827483
TCGA-LN-A4A9-01A	0.0131745989283362	0	0	0.0771109220296096	0	0.16136919428241	0.0539002842260361	0.0438912374271139	0.0378957207409446	0	0.0423005683957313	0.0257676759078383	0	0.128392656902053	0.116931044378349	0.154983005673107	0.0788884752256221	0.0332020252099806	0.000699567094958094	0.0314930235779101	0	0	0	0.402956189303597	0.91601466205175
TCGA-VR-A8EZ-01A	0	0	0.0774792244014372	0.122079921278042	0	0.0969646971455753	0.0497248282550652	0.0387128945570708	0.0265477780790496	0	0	0.0988261508211842	0.00563242870952931	0	0.196036757342573	0.184657600829907	0.0333774767729063	0.000914565422415637	0.0690456763852447	0	0	0	0	0.369271633820307	0.937208266360122
TCGA-LN-A4A8-01A	0.0736405186936909	0	0.0379548831076003	0.0574507378859149	0	0.18852952892023	0.0715177595370133	0.0436887041069342	0.0789246352722737	0	0.077751647790704	0	0.00629632379385023	0.0283940612997916	0.0679842329325311	0.029356263561746	0.0372755786908754	0.162704115328416	0.0385310090784278	0	0	0	0.026	0.183394605008342	1.01684987737272
TCGA-2H-A9GF-01A	0.0300289337729205	0	0.00218323715693627	0	0	0.121133072425165	0	0.0268843072479604	0.107982250791514	0	0.0745808216632238	0.0060785312520706	0	0.457213428315745	0.0220336897797098	0.106446436886736	0.00725339983721006	0	0.0381818908708082	0	0	0	0.021	0.198698344629178	1.04264755195472
TCGA-L5-A4OF-11A	0.106670434150195	0	0.0369986729914749	0.0979696107058644	0	0.260232304185774	0	0	0	0	0.0482220899937817	0	0.0119040198964048	0.00525852175978453	0.0282565056116782	0.0593425852105827	0	0.0120780531505353	0.303074006342135	0.0299931960017901	0	0	0.284	0.0573441884976673	1.08145433725546
TCGA-L5-A4OJ-01A	0	0.0320037014968493	0.397831730613935	0.0295946358053885	0	0.174391015254351	0	0.0217225792378503	0.101931493480679	0	0.00291785992582461	0.00233690757802204	0	0.101118045526816	0.0226630695035281	0.0494388611893701	0	0.0310306173932328	0	0.0294873960437444	0	0.00353208695040865	0.093	0.118577207223934	1.02544988040749
TCGA-L5-A4OO-11A	0.0566597437096112	0	0.209525626023284	0.0589988880361527	0	0.179193000901999	0	0	0	0	0	0.0541121420460099	0.00969293465105444	0	0.0227752027977521	0.0909527428131346	0	0	0.318089719021002	0	0	0	0.129	0.102421322506107	1.04602530545144
TCGA-L5-A43C-01A	0.0194788377536139	0	0.0408940334700037	0.00697235096923487	0	0.150465477480336	0	0	0.0292935585327472	0	0.0415489254584178	0	0.00484427238256781	0.288230898128683	0.00865010865994722	0.0968229836382733	0	0.0534727075991272	0	0.210453108820384	0	0.0488727371066643	0	0.412920307163867	0.916904597344375
TCGA-XP-A8T8-01A	0.0147782245985122	0	0.0204301640657249	0.155820902354696	0	0.0818325272744009	0.16201788442944	0.0560880264200848	0.00494699638466274	0	0.0845129902742237	0.0226621099998359	0.0134954066731847	0.0422724269603651	0.0466641977883658	0.037207396636375	0.0772775596448551	0.113834492816841	0.0555779061861224	0	0	0.0105807874923097	0.091	0.120586517309436	1.04105705212449
TCGA-2H-A9GN-01A	0.0588111561435985	0	0	0.00645863497115836	0	0.33145778881877	0.00871937771980564	0.0200031610988858	0.050675836546683	0	0	0.032273292387426	0.00686373043567459	0.196242962114024	0.0477260357285945	0.0838883759587271	0.00432179415825576	0.0340514239681425	0	0.0828267227652895	0	0.0356797071849646	0.559	0.017934794252071	1.09176159569494
TCGA-LN-A5U5-01A	0.0407116346587635	0	0.0380010604645092	0.0301861066042371	0	0.0976548539324806	0.0801938201356104	0.0341215356410459	0.00619146305918522	0	0	0.0618100434710619	0	0.0138713613807872	0.0886740307695222	0.139755153079883	0.100705603822512	0.157490905702932	0.110632427277469	0	0	0	0.012	0.232183001680641	0.991954781769569
TCGA-R6-A6DQ-01B	0.129320954199544	0	0.252373455852423	0	0	0.220684153556392	0.00915168786406405	0.0175846560241894	0.00195850666364338	0	0.0164358427542624	0	0.00496255446801093	0.0144641523431546	0.101531686534325	0.0771663699133826	0	0.0513184205108642	0	0.0543631137754604	0	0.0486844455402831	0.099	0.114592966643497	1.02973880527693
TCGA-2H-A9GH-01A	0.04796488499063	0	0.0283758100157588	0.0333565407707532	0	0.294199675694668	0.0487601099569626	0.0113740362182094	0.00952330107055523	0	0.0303881723946211	0	0.00263936647753554	0.0166651126426608	0.0617211771856698	0.268529792333474	0.0772885237571883	0	0.0564828486245091	0	0	0.0127306478668046	0.266	0.06203367708667	1.05447183932924
TCGA-JY-A6FG-01A	0	0	0.0161477486778907	0.17751052088995	0	0	0.0120478498995161	0.136406440902129	0.00911680856670062	0	0.0440377214678684	0.0135981078934994	0	0.150725243742835	0.0795231603501448	0.0150866768053439	0.0813184033556878	0.0410020325480429	0	0.16829188327211	0	0.0551874016282817	0.463	0.0295837701980986	1.09387387268865
TCGA-LN-A5U7-01A	0.0234416410806187	0	0.0310479324441034	0.0380174823161843	0	0.190466043644803	0.094407432914565	0.0194510438880835	0	0	0.0069406222765971	0.0450946702446482	0	0.0951697876398031	0.0885193267440334	0.193755445421271	0	0.125923684509704	0.0477648868755845	0	0	0	0.041	0.156702618239043	1.02731461026704
TCGA-IG-A51D-01A	0.00194433094511713	0	0.0697671507847241	0.0525167055253048	0	0.0549094020513006	0.0551397719214785	0.03393727504547	0.0217394637972908	0	0.0191034402379903	0.0799985213473136	0	0.171314912145659	0.254309775205476	0.142914789126361	0.0127886739120464	0	0.0296157879544673	0	0	0	0	0.433805648597111	0.910234171500333
TCGA-IG-A3YC-01A	0	0	0.00619556883439219	0.182596045715732	0	0	0.0652512050200585	0.0431544729100815	0.0908196096176413	0	0.0279904629412459	0	0	0.316349206977845	0.0838933907264159	0.115106015000705	0.0378980304849228	0.000867434363302421	0.0298785574076574	0	0	0	0	0.67007596154792	0.763016787459659
TCGA-LN-A4MQ-01A	0.109392707665687	0	0.0783211888336261	0.00658069692068454	0	0.0453386208688963	0.153103813982913	0	0	0	0	0	0.014748852513472	0.00983641097909036	0.0859391120988315	0.122893371333996	0.167307849248885	0.0153483606284666	0.173805221793236	0	0.0173837931322166	0	0.994	-0.0611833042327823	1.08692331139571
TCGA-L5-A43J-01A	0.00024458848345521	0	0.00401555694054919	0	0	0.452861282527726	0.0165919332199833	0	0	0	0.0471904669569374	0.0144135648106593	0	0.116251360883041	0.0919564449318975	0.162340643412283	0.0291856883934912	0.0237417618772386	0.0412067075627381	0	0	0	0.0620000000000001	0.134504861535682	1.04416764002439
TCGA-L5-A4OE-01A	0.00740306896570915	0.0071223654152346	0	0.277012265803359	0	0.0522143438776075	0.182223039023822	0.032400160835305	0.0185101963579297	0	0.0342039596830208	0	0.000468847342024846	0.0823028336674787	0.0808865509599422	0.0442217356788958	0	0.17183744058682	0	0.00356510076205157	0	0.00562809104079967	0.019	0.203489149431009	1.02358917345015
TCGA-S8-A6BW-01A	0.00763379781809911	0	0.0159869519188852	0	0.00344134760038176	0.12559812411699	0.0876496797427348	0	0	0	0.0288822455365395	0	0.0829902933485563	0.167949246886715	0	0.115338041502388	0.156351045023875	0.110655882060271	0.0975233444445633	0	0	0	0.0649999999999999	0.132164403876946	1.03111394932333
TCGA-V5-A7RB-01A	0.0738175880303591	0	0.0219985658217222	0.0307917312292921	0	0.172303248155756	0.0305256867110486	0.0760709168441437	0.0987197737671905	0	0.0233084601269801	0	0	0.0936671834212325	0.0569303164693691	0.0922404676715478	0.0411080677410648	0.073536058754797	0	0.0649760080021726	0	0.0500059272533233	0.272	0.0605937549103619	1.05741296148148
TCGA-L5-A43C-11A	0.0766160955313252	0	0.222904370425929	0.189414076885374	0	0.280619558105494	0.0124132368018607	0	0	0	0.00520815165709224	0.00781869966793416	0.0290602221536324	0	0.012505496704353	0.045214150829972	0	0.00247721161283666	0.0875923236829432	0.0274378105593094	0	0.000718595381944095	0.021	0.196331650437216	1.00625261872862
TCGA-M9-A5M8-01A	0.0364163710020793	0	0.21666466295473	0	0	0.197572481205731	0.0143062903699789	0	0.0664597585882565	0	0.0250598977103963	0.00106804729905342	0	0.17876935461582	0.0241892750763995	0.0642636658390669	0	0.0587529111650284	0.0463976430145765	0.0214915523787427	0	0.0485880887801405	0.091	0.120272318263097	1.02386056226461
TCGA-VR-AA4G-01A	0.0172950380432392	0	0.0327199943129918	0.052363267770114	0	0.231693716213087	0.0946705731732625	0.020505712918732	0	0	0	0.0939818291370477	0.00618566774012123	0.0651619239352056	0.096464880965402	0.025371966789395	0.0856672089314028	0.16994443634125	0.00797378372874983	0	0	0	0.001	0.346866482932356	0.948106380757963
TCGA-L5-A8NK-01A	0.0275874624313498	0	0.0182476782350022	0.0926213568040275	0	0.248389774942148	0.0326193430705098	0.00143847095590858	0.0856483420730977	0	0.0153154907434839	0.00466007110852435	0	0.14009539355412	0.0646404234465472	0.0237140384677956	0.127783065425744	0	0.117239088741742	0	0	0	0.441	0.0327929488976577	1.06982613823725
TCGA-V5-AASV-01A	0	0	0.083808589962829	0.0562639159784309	0	0.0737801561753837	0.119772600144325	0.0587264154567853	0.0435637332983326	0	0.146420175323225	0.0124995707829098	0.0142551236683326	0.0837633078032291	0.0882666120079035	0.135137824779498	0.043058119864106	0.00248048374921058	0.0382033710054987	0	0	0	0.014	0.217554477412342	0.996070858196924
TCGA-L5-A8NN-01A	0.0812051139030449	0	0.0406080091426657	0.0918763133870324	0	0.17186182713916	0.0718041547719131	0.0360280302084708	0.0503472283006447	0	0.0276758983006668	0	0.00639815861286812	0.0717127638417276	0.0755681119851708	0.190978517706765	0.0672638840194789	0	0.016671988680391	0	0	0	0.455	0.030656079180568	1.06595457824388
TCGA-IG-A6QS-01A	0	0	0.0153614491071961	0.115398941415237	0	0.16860188374493	0.059963889926552	0	0	0	0.0365988256058686	0.0429377718895658	0	0.14831215696128	0.16189526040802	0.0797519183479951	0.0246416804393413	0.0581015738190886	0	0.0884346483349247	0	0	0	0.399262244699493	0.923699646877289
TCGA-L5-A4OO-01A	0.0507596447763503	0	0.16427130286487	0.123448241527674	0	0.22835468144317	0.102862556146865	0.00138512953677388	0.0153890418447722	0	0.0248900086059222	0	0.00460565253787998	0.0262808833369169	0.117403448195919	0.0842468799071117	0.00265543009808567	0.00553025301429407	0.0478728710649036	0	0	4.39750984915061e-05	0.00600000000000001	0.282337542847089	0.967524023433433
TCGA-VR-AA7I-01A	0.00172875403364701	0	0	0.229270794978118	0	0.0232614158036643	0.158620030866603	0.0568304743831307	0.0265211044391233	0	0.0765978976602732	0	0.00470042900358982	0.0574572304182497	0.158928470819768	0.0997593579791288	0.0251883886572436	0.0350618153131566	0.0460738356443047	0	0	0	0	0.413294227780003	0.913349569260943
TCGA-L5-A4OW-01A	0.0534637620076566	0	0.00919840231287435	0.00252190469558435	0	0.348560850935791	0.115147768754339	0.10374507297312	0.0153634608243061	0	0.0656493151159981	0	0	0.135857278624325	0.0467409770899333	0.0323362161311398	0	0.0296234863812994	0	0.0376910160596133	0	0.00410048809401874	0.127	0.103002243840229	1.05584772865508
TCGA-2H-A9GQ-01A	0.16369776780906	0	0.00408656736113473	0.00546038380286042	0	0.227402421345134	0	0	0.0641655873797654	0	0	0.0346789045843302	0	0.284382975590531	0.0192138627739434	0.0657992130909786	0	0.0495292422623159	0.0710725845920003	0.0105104894079462	0	0	0.747	-0.00340783039959077	1.09910275374058
